Node Coordinates: 
 
  node      x-coord      y-coord      z-coord
     1         0.00         0.00         0.00
     2        10.00         5.00         0.00
     3        10.00         0.00         0.00
     4        20.00         8.00         0.00
     5        20.00         0.00         0.00
     6        30.00         9.00         0.00
     7        30.00         0.00         0.00
     8        40.00         8.00         0.00
     9        40.00         0.00         0.00
    10        50.00         5.00         0.00
    11        50.00         0.00         0.00
    12        60.00         0.00         0.00

 
Element Data: 
 
  elem           nodes    E-modulus         area
     1 	 [    1,    3]      1000.00         2.00
     2 	 [    3,    5]      1000.00         2.00
     3 	 [    5,    7]      1000.00         2.00
     4 	 [    7,    9]      1000.00         2.00
     5 	 [    9,   11]      1000.00         2.00
     6 	 [   11,   12]      1000.00         2.00
     7 	 [    1,    2]      1000.00        10.00
     8 	 [    2,    4]      1000.00        10.00
     9 	 [    4,    6]      1000.00        10.00
    10 	 [    6,    8]      1000.00        10.00
    11 	 [    8,   10]      1000.00        10.00
    12 	 [   10,   12]      1000.00        10.00
    13 	 [    2,    3]      1000.00         3.00
    14 	 [    4,    5]      1000.00         3.00
    15 	 [    6,    7]      1000.00         3.00
    16 	 [    8,    9]      1000.00         3.00
    17 	 [   10,   11]      1000.00         3.00
    18 	 [    2,    5]      1000.00         1.00
    19 	 [    4,    7]      1000.00         1.00
    20 	 [    7,    8]      1000.00         1.00
    21 	 [    9,   10]      1000.00         1.00

 
DOF Activity (DOFs fixed, DOF load): 
 
  node  x-tag  y-tag  z-tag     x-load     y-load     z-load  
     1      1      1      1       0.00       0.00       0.00
     2      0      0      1       0.00       0.00       0.00
     3      0      0      1       0.00     -10.00       0.00
     4      0      0      1       0.00       0.00       0.00
     5      0      0      1       0.00     -10.00       0.00
     6      0      0      1       0.00       0.00       0.00
     7      0      0      1       0.00     -16.00       0.00
     8      0      0      1       0.00       0.00       0.00
     9      0      0      1       0.00     -10.00       0.00
    10      0      0      1       0.00       0.00       0.00
    11      0      0      1       0.00     -10.00       0.00
    12      0      1      1       0.00       0.00       0.00

 
Node Displacements in Step 1: 
 
  node        x-displ        y-displ        z-displ 

     1       0.000000       0.000000       0.000000
     2       0.809536      -1.775597       0.000000
     3       0.280000      -1.792264       0.000000
     4       0.899001      -2.291930       0.000000
     5       0.560000      -2.316596       0.000000
     6       0.847500      -2.385938       0.000000
     7       0.847500      -2.421938       0.000000
     8       0.795999      -2.291930       0.000000
     9       1.135000      -2.316596       0.000000
    10       0.885464      -1.775597       0.000000
    11       1.415000      -1.792264       0.000000
    12       1.695000       0.000000       0.000000

 
Node Forces (inclusive Reactions) in Step 1: 
 
  node        x-force        y-force        z-force 

     1      -0.000000      28.000000       0.000000
     2       0.000000       0.000000       0.000000
     3       0.000000     -10.000000       0.000000
     4       0.000000       0.000000       0.000000
     5       0.000000     -10.000000       0.000000
     6       0.000000       0.000000       0.000000
     7       0.000000     -16.000000       0.000000
     8       0.000000       0.000000       0.000000
     9       0.000000     -10.000000       0.000000
    10       0.000000       0.000000       0.000000
    11       0.000000     -10.000000       0.000000
    12       0.000000      28.000000       0.000000

 
Internal Element Stresses and Forces in Step 1: 
 
  elem       axial stress        axial force  

     1          28.000000          56.000000
     2          28.000000          56.000000
     3          28.750000          57.500000
     4          28.750000          57.500000
     5          28.000000          56.000000
     6          28.000000          56.000000
     7          -6.260990         -62.609903
     8          -6.003176         -60.031762
     9          -6.029925         -60.299254
    10          -6.029925         -60.299254
    11          -6.003176         -60.031762
    12          -6.260990         -62.609903
    13           3.333333          10.000000
    14           3.083333           9.250000
    15           4.000000          12.000000
    16           3.083333           9.250000
    17           3.333333          10.000000
    18           1.677051           1.677051
    19           3.201562           3.201562
    20           3.201562           3.201562
    21           1.677051           1.677051

 
